SPEAKER         id       #SENT      #WORD       Corr        Sub        Ins        Del        Err      S.Err
PN00F02         raw         80        559        553          3          0          3          6          2
PN00F02         sys         80        559      98.93       0.54       0.00       0.54       1.07       2.50
PN00F04         raw         80        559        559          0          0          0          0          0
PN00F04         sys         80        559     100.00       0.00       0.00       0.00       0.00       0.00
PN00M01         raw         80        559        559          0          1          0          1          1
PN00M01         sys         80        559     100.00       0.00       0.18       0.00       0.18       1.25
PN00M03         raw         80        559        559          0          0          0          0          0
PN00M03         sys         80        559     100.00       0.00       0.00       0.00       0.00       0.00
SUM             raw        320       2236       2230          3          1          3          7          3
SUM             sys        320       2236      99.73       0.13       0.04       0.13       0.31       0.94
