SPEAKER         id       #SENT      #WORD       Corr        Sub        Ins        Del        Err      S.Err
PN00F02         raw         80        559        554          3          0          2          5          2
PN00F02         sys         80        559      99.11       0.54       0.00       0.36       0.89       2.50
PN00F04         raw         80        559        559          0          0          0          0          0
PN00F04         sys         80        559     100.00       0.00       0.00       0.00       0.00       0.00
PN00M01         raw         80        559        558          1          0          0          1          1
PN00M01         sys         80        559      99.82       0.18       0.00       0.00       0.18       1.25
PN00M03         raw         80        559        559          0          0          0          0          0
PN00M03         sys         80        559     100.00       0.00       0.00       0.00       0.00       0.00
SUM             raw        320       2236       2230          4          0          2          6          3
SUM             sys        320       2236      99.73       0.18       0.00       0.09       0.27       0.94
