SPEAKER         id       #SENT      #WORD       Corr        Sub        Ins        Del        Err      S.Err
PN00F02         raw         80        559        555          2          0          2          4          2
PN00F02         sys         80        559      99.28       0.36       0.00       0.36       0.72       2.50
PN00F04         raw         80        559        559          0          0          0          0          0
PN00F04         sys         80        559     100.00       0.00       0.00       0.00       0.00       0.00
PN00M01         raw         80        559        559          0          0          0          0          0
PN00M01         sys         80        559     100.00       0.00       0.00       0.00       0.00       0.00
PN00M03         raw         80        559        559          0          0          0          0          0
PN00M03         sys         80        559     100.00       0.00       0.00       0.00       0.00       0.00
SUM             raw        320       2236       2232          2          0          2          4          2
SUM             sys        320       2236      99.82       0.09       0.00       0.09       0.18       0.62
