ContextDependency 3 1 ToPdf SE 1 [ 1 2 3 4 5 6 7 8 9 10 11 12 13 14 15 16 17 18 19 20 21 22 23 24 25 26 27 28 29 30 31 32 33 34 35 36 37 ]
{ SE 1 [ 1 2 3 4 5 6 7 8 9 10 11 12 13 14 15 16 17 ]
{ SE 1 [ 1 2 3 4 5 6 7 8 9 ]
{ SE 1 [ 1 2 3 4 5 ]
{ SE -1 [ 0 1 ]
{ SE -1 [ 0 ]
{ CE 0 CE 20 } 
CE 19 } 
SE -1 [ 0 1 ]
{ SE 0 [ 1 ]
{ SE -1 [ 0 ]
{ SE 2 [ 6 7 8 9 10 11 12 13 14 15 16 17 50 51 52 53 62 63 64 65 70 71 72 73 ]
{ CE 1 CE 216 } 
SE 2 [ 6 7 8 9 10 11 12 13 14 15 16 17 50 51 52 53 62 63 64 65 70 71 72 73 ]
{ CE 42 CE 174 } 
} 
SE -1 [ 0 ]
{ SE 0 [ 18 19 20 21 22 23 24 25 ]
{ SE 2 [ 6 7 8 9 10 11 12 13 14 15 16 17 50 51 52 53 62 63 64 65 70 71 72 73 ]
{ CE 38 CE 521 } 
SE 0 [ 34 35 36 37 ]
{ SE 2 [ 6 7 8 9 10 11 12 13 14 15 16 17 50 51 52 53 62 63 64 65 70 71 72 73 ]
{ CE 144 CE 537 } 
SE 0 [ 6 7 8 9 10 11 12 13 14 15 16 17 18 19 20 21 22 23 24 25 26 27 28 29 30 31 32 33 34 35 36 37 38 39 40 41 42 43 44 45 46 47 48 49 50 51 52 53 54 55 56 57 58 59 60 61 62 63 64 65 66 67 68 69 70 71 72 73 74 75 76 77 ]
{ SE 0 [ 70 71 72 73 ]
{ SE 2 [ 6 7 8 9 10 11 12 13 14 15 16 17 50 51 52 53 62 63 64 65 70 71 72 73 ]
{ CE 149 CE 344 } 
SE 0 [ 30 31 32 33 42 43 44 45 46 47 48 49 ]
{ SE 2 [ 6 7 8 9 10 11 12 13 14 15 16 17 50 51 52 53 62 63 64 65 70 71 72 73 ]
{ CE 182 CE 442 } 
SE 0 [ 6 7 8 9 10 11 12 13 14 15 16 17 50 51 52 53 62 63 64 65 70 71 72 73 ]
{ SE 2 [ 6 7 8 9 10 11 12 13 14 15 16 17 50 51 52 53 62 63 64 65 70 71 72 73 ]
{ CE 191 CE 488 } 
SE 0 [ 26 27 28 29 ]
{ SE 2 [ 6 7 8 9 10 11 12 13 14 15 16 17 50 51 52 53 62 63 64 65 70 71 72 73 ]
{ CE 241 CE 424 } 
SE 0 [ 26 27 28 29 30 31 32 33 42 43 44 45 46 47 48 49 74 75 76 77 ]
{ SE 2 [ 6 7 8 9 10 11 12 13 14 15 16 17 50 51 52 53 62 63 64 65 70 71 72 73 ]
{ CE 285 CE 523 } 
SE 2 [ 6 7 8 9 10 11 12 13 14 15 16 17 50 51 52 53 62 63 64 65 70 71 72 73 ]
{ CE 389 CE 530 } 
} 
} 
} 
} 
} 
CE 172 } 
} 
} 
SE 0 [ 18 19 20 21 22 23 24 25 ]
{ SE 2 [ 6 7 8 9 10 11 12 13 14 15 16 17 50 51 52 53 62 63 64 65 70 71 72 73 ]
{ CE 107 CE 401 } 
SE 0 [ 6 7 8 9 10 11 12 13 14 15 16 17 18 19 20 21 22 23 24 25 26 27 28 29 30 31 32 33 34 35 36 37 38 39 40 41 42 43 44 45 46 47 48 49 50 51 52 53 54 55 56 57 58 59 60 61 62 63 64 65 66 67 68 69 70 71 72 73 74 75 76 77 ]
{ SE 0 [ 34 35 36 37 ]
{ SE 2 [ 6 7 8 9 10 11 12 13 14 15 16 17 50 51 52 53 62 63 64 65 70 71 72 73 ]
{ CE 147 CE 435 } 
SE 0 [ 26 27 28 29 74 75 76 77 ]
{ SE 0 [ 26 27 28 29 ]
{ SE 2 [ 6 7 8 9 10 11 12 13 14 15 16 17 50 51 52 53 62 63 64 65 70 71 72 73 ]
{ CE 173 CE 400 } 
SE 2 [ 6 7 8 9 10 11 12 13 14 15 16 17 50 51 52 53 62 63 64 65 70 71 72 73 ]
{ CE 224 CE 446 } 
} 
SE 0 [ 70 71 72 73 ]
{ SE 2 [ 6 7 8 9 10 11 12 13 14 15 16 17 50 51 52 53 62 63 64 65 70 71 72 73 ]
{ CE 177 CE 257 } 
SE 0 [ 38 39 40 41 ]
{ SE 2 [ 6 7 8 9 10 11 12 13 14 15 16 17 50 51 52 53 62 63 64 65 70 71 72 73 ]
{ CE 233 CE 331 } 
SE 2 [ 6 7 8 9 10 11 12 13 14 15 16 17 50 51 52 53 62 63 64 65 70 71 72 73 ]
{ SE 0 [ 6 7 8 9 10 11 12 13 14 15 16 17 50 51 52 53 62 63 64 65 70 71 72 73 ]
{ CE 234 CE 417 } 
SE 0 [ 6 7 8 9 10 11 12 13 14 15 16 17 50 51 52 53 62 63 64 65 70 71 72 73 ]
{ CE 347 CE 385 } 
} 
} 
} 
} 
} 
CE 167 } 
} 
} 
} 
SE 2 [ 6 7 8 9 10 11 12 13 14 15 16 17 50 51 52 53 62 63 64 65 70 71 72 73 ]
{ SE 0 [ 1 ]
{ CE 29 SE 0 [ 6 7 8 9 10 11 12 13 14 15 16 17 18 19 20 21 22 23 24 25 26 27 28 29 30 31 32 33 34 35 36 37 38 39 40 41 42 43 44 45 46 47 48 49 50 51 52 53 54 55 56 57 58 59 60 61 62 63 64 65 66 67 68 69 70 71 72 73 74 75 76 77 ]
{ SE 0 [ 18 19 20 21 22 23 24 25 ]
{ CE 95 SE 0 [ 26 27 28 29 ]
{ CE 214 SE 0 [ 70 71 72 73 ]
{ CE 247 SE 0 [ 30 31 32 33 42 43 44 45 46 47 48 49 ]
{ CE 256 SE 0 [ 18 19 20 21 22 23 24 25 26 27 28 29 30 31 32 33 38 39 40 41 42 43 44 45 46 47 48 49 54 55 56 57 58 59 60 61 66 67 68 69 74 75 76 77 ]
{ SE 0 [ 26 27 28 29 30 31 32 33 42 43 44 45 46 47 48 49 74 75 76 77 ]
{ CE 279 CE 447 } 
SE 0 [ 6 7 8 9 10 11 12 13 14 15 16 17 50 51 52 53 62 63 64 65 70 71 72 73 ]
{ CE 324 CE 392 } 
} 
} 
} 
} 
} 
CE 152 } 
} 
SE 0 [ 1 ]
{ CE 76 SE 0 [ 34 35 36 37 ]
{ CE 108 SE 0 [ 70 71 72 73 ]
{ CE 196 SE 0 [ 30 31 32 33 42 43 44 45 46 47 48 49 ]
{ CE 220 SE 0 [ 6 7 8 9 10 11 12 13 14 15 16 17 50 51 52 53 62 63 64 65 70 71 72 73 ]
{ CE 245 SE 0 [ 26 27 28 29 ]
{ CE 284 SE 0 [ 26 27 28 29 30 31 32 33 42 43 44 45 46 47 48 49 74 75 76 77 ]
{ CE 332 SE 0 [ 18 19 20 21 22 23 24 25 ]
{ CE 429 CE 510 } 
} 
} 
} 
} 
} 
} 
} 
} 
} 
} 
SE 1 [ 10 11 12 13 ]
{ SE 0 [ 6 7 8 9 ]
{ SE -1 [ 0 1 ]
{ SE -1 [ 0 ]
{ CE 2 CE 82 } 
CE 57 } 
SE -1 [ 0 1 ]
{ SE 0 [ 1 ]
{ SE -1 [ 0 ]
{ CE 28 CE 89 } 
SE 0 [ 34 35 36 37 ]
{ SE -1 [ 0 ]
{ CE 88 CE 529 } 
SE 0 [ 30 31 32 33 42 43 44 45 46 47 48 49 ]
{ SE -1 [ 0 ]
{ CE 202 CE 495 } 
SE 0 [ 18 19 20 21 22 23 24 25 ]
{ SE -1 [ 0 ]
{ CE 212 CE 478 } 
SE 0 [ 38 39 40 41 ]
{ SE -1 [ 0 ]
{ CE 267 CE 528 } 
SE 0 [ 26 27 28 29 ]
{ SE -1 [ 0 ]
{ CE 377 CE 561 } 
SE 0 [ 6 7 8 9 10 11 12 13 14 15 16 17 50 51 52 53 62 63 64 65 70 71 72 73 ]
{ SE -1 [ 0 ]
{ CE 438 CE 565 } 
SE -1 [ 0 ]
{ CE 456 CE 566 } 
} 
} 
} 
} 
} 
} 
} 
SE 0 [ 1 ]
{ CE 39 SE 0 [ 18 19 20 21 22 23 24 25 26 27 28 29 30 31 32 33 38 39 40 41 42 43 44 45 46 47 48 49 54 55 56 57 58 59 60 61 66 67 68 69 74 75 76 77 ]
{ SE 0 [ 18 19 20 21 22 23 24 25 ]
{ CE 114 SE 0 [ 30 31 32 33 42 43 44 45 46 47 48 49 ]
{ CE 291 SE 0 [ 26 27 28 29 ]
{ CE 292 SE 0 [ 26 27 28 29 30 31 32 33 42 43 44 45 46 47 48 49 74 75 76 77 ]
{ CE 346 CE 422 } 
} 
} 
} 
SE 0 [ 6 7 8 9 10 11 12 13 14 15 16 17 50 51 52 53 62 63 64 65 70 71 72 73 ]
{ CE 271 CE 426 } 
} 
} 
} 
} 
SE -1 [ 0 1 ]
{ SE -1 [ 0 ]
{ CE 3 CE 36 } 
CE 30 } 
} 
} 
SE 1 [ 18 19 20 21 22 23 24 25 ]
{ SE 1 [ 18 19 20 21 ]
{ SE -1 [ 0 ]
{ SE 2 [ 26 27 28 29 30 31 32 33 42 43 44 45 46 47 48 49 74 75 76 77 ]
{ SE 0 [ 6 10 14 18 22 26 30 34 38 42 46 50 54 58 62 66 70 74 ]
{ CE 4 SE 0 [ 1 ]
{ CE 58 SE 0 [ 30 31 32 33 42 43 44 45 46 47 48 49 ]
{ CE 104 SE 0 [ 26 27 28 29 30 31 32 33 42 43 44 45 46 47 48 49 74 75 76 77 ]
{ CE 201 SE 0 [ 18 19 20 21 22 23 24 25 ]
{ CE 217 SE 0 [ 34 35 36 37 ]
{ CE 226 SE 0 [ 62 63 64 65 ]
{ CE 246 SE 0 [ 6 7 8 9 10 11 12 13 14 15 16 17 50 51 52 53 62 63 64 65 70 71 72 73 ]
{ CE 333 CE 356 } 
} 
} 
} 
} 
} 
} 
} 
SE 0 [ 6 7 8 9 ]
{ CE 32 CE 69 } 
} 
SE -1 [ 0 1 ]
{ SE 0 [ 6 7 8 9 ]
{ CE 23 SE 1 [ 6 10 14 18 22 26 30 34 38 42 46 50 54 58 62 66 70 74 ]
{ SE 0 [ 1 ]
{ CE 59 SE 0 [ 30 31 32 33 42 43 44 45 46 47 48 49 ]
{ CE 145 SE 0 [ 18 19 20 21 22 23 24 25 ]
{ CE 302 SE 0 [ 70 71 72 73 ]
{ CE 328 SE 0 [ 18 19 20 21 22 23 24 25 26 27 28 29 30 31 32 33 38 39 40 41 42 43 44 45 46 47 48 49 54 55 56 57 58 59 60 61 66 67 68 69 74 75 76 77 ]
{ SE 0 [ 26 27 28 29 30 31 32 33 42 43 44 45 46 47 48 49 74 75 76 77 ]
{ CE 477 CE 532 } 
SE 0 [ 6 7 8 9 10 11 12 13 14 15 16 17 50 51 52 53 62 63 64 65 70 71 72 73 ]
{ CE 519 CE 536 } 
} 
} 
} 
} 
} 
SE 0 [ 6 7 8 9 10 11 12 13 14 15 16 17 50 51 52 53 62 63 64 65 70 71 72 73 ]
{ CE 64 CE 79 } 
} 
} 
SE 0 [ 6 7 8 9 10 11 12 13 50 51 52 53 62 63 64 65 70 71 72 73 ]
{ SE 0 [ 6 7 8 9 ]
{ CE 33 SE 0 [ 62 63 64 65 ]
{ CE 209 CE 555 } 
} 
SE 1 [ 6 10 14 18 22 26 30 34 38 42 46 50 54 58 62 66 70 74 ]
{ SE 0 [ 1 ]
{ CE 48 SE 0 [ 30 31 32 33 42 43 44 45 46 47 48 49 ]
{ CE 168 SE 0 [ 26 27 28 29 30 31 32 33 38 39 40 41 42 43 44 45 46 47 48 49 66 67 68 69 74 75 76 77 ]
{ SE 0 [ 26 27 28 29 30 31 32 33 42 43 44 45 46 47 48 49 74 75 76 77 ]
{ CE 491 CE 551 } 
SE 0 [ 18 19 20 21 22 23 24 25 ]
{ CE 512 CE 542 } 
} 
} 
} 
SE 0 [ 6 7 8 9 10 11 12 13 14 15 16 17 50 51 52 53 62 63 64 65 70 71 72 73 ]
{ CE 71 CE 86 } 
} 
} 
} 
} 
SE -1 [ 0 1 ]
{ SE 2 [ 6 7 8 9 10 11 12 13 14 15 16 17 18 19 20 21 22 23 24 25 26 27 28 29 30 31 32 33 34 35 36 37 38 39 40 41 42 43 44 45 46 47 48 49 50 51 52 53 54 55 56 57 58 59 60 61 62 63 64 65 66 67 68 69 70 71 72 73 74 75 76 77 ]
{ SE 2 [ 18 19 20 21 22 23 24 25 54 55 56 57 58 59 60 61 ]
{ SE 0 [ 18 19 20 21 ]
{ SE 2 [ 18 19 20 21 ]
{ SE -1 [ 0 ]
{ CE 5 CE 534 } 
SE -1 [ 0 ]
{ CE 252 CE 360 } 
} 
SE -1 [ 0 ]
{ CE 162 CE 163 } 
} 
SE 2 [ 26 27 28 29 30 31 32 33 42 43 44 45 46 47 48 49 74 75 76 77 ]
{ SE 0 [ 18 19 20 21 ]
{ SE 2 [ 30 31 32 33 ]
{ SE -1 [ 0 ]
{ CE 130 CE 553 } 
SE -1 [ 0 ]
{ CE 340 CE 483 } 
} 
SE -1 [ 0 ]
{ CE 215 CE 352 } 
} 
SE 2 [ 6 7 8 9 ]
{ SE 0 [ 18 19 20 21 ]
{ SE -1 [ 0 ]
{ CE 133 CE 486 } 
SE -1 [ 0 ]
{ CE 229 CE 374 } 
} 
SE 2 [ 10 11 12 13 ]
{ SE 0 [ 18 19 20 21 ]
{ SE -1 [ 0 ]
{ CE 136 CE 515 } 
SE -1 [ 0 ]
{ CE 236 CE 559 } 
} 
SE 0 [ 18 19 20 21 ]
{ SE 2 [ 38 39 40 41 ]
{ SE -1 [ 0 ]
{ CE 137 CE 370 } 
SE 2 [ 6 7 8 9 10 11 12 13 14 15 16 17 50 51 52 53 62 63 64 65 70 71 72 73 ]
{ SE -1 [ 0 ]
{ CE 282 CE 421 } 
SE -1 [ 0 ]
{ CE 335 CE 556 } 
} 
} 
SE 2 [ 6 7 8 9 10 11 12 13 14 15 16 17 50 51 52 53 62 63 64 65 70 71 72 73 ]
{ SE -1 [ 0 ]
{ CE 239 CE 465 } 
SE -1 [ 0 ]
{ CE 276 CE 444 } 
} 
} 
} 
} 
} 
} 
SE 0 [ 18 19 20 21 ]
{ SE -1 [ 0 ]
{ CE 77 CE 110 } 
SE -1 [ 0 ]
{ SE 2 [ 1 ]
{ CE 93 CE 378 } 
SE 2 [ 1 ]
{ CE 125 CE 379 } 
} 
} 
} 
SE 2 [ 6 7 8 9 10 11 12 13 14 15 16 17 18 19 20 21 22 23 24 25 26 27 28 29 30 31 32 33 34 35 36 37 38 39 40 41 42 43 44 45 46 47 48 49 50 51 52 53 54 55 56 57 58 59 60 61 62 63 64 65 66 67 68 69 70 71 72 73 74 75 76 77 ]
{ SE 2 [ 18 19 20 21 22 23 24 25 54 55 56 57 58 59 60 61 ]
{ SE 0 [ 18 19 20 21 ]
{ SE 2 [ 18 19 20 21 ]
{ CE 44 CE 287 } 
CE 184 } 
SE 2 [ 26 27 28 29 30 31 32 33 42 43 44 45 46 47 48 49 74 75 76 77 ]
{ SE 2 [ 30 31 32 33 ]
{ CE 121 SE 0 [ 18 19 20 21 ]
{ CE 320 CE 445 } 
} 
SE 2 [ 6 7 8 9 ]
{ SE 0 [ 18 19 20 21 ]
{ CE 156 CE 507 } 
SE 2 [ 10 11 12 13 ]
{ SE 0 [ 18 19 20 21 ]
{ CE 160 CE 364 } 
SE 2 [ 38 39 40 41 ]
{ CE 161 SE 0 [ 18 19 20 21 ]
{ SE 2 [ 6 7 8 9 10 11 12 13 14 15 16 17 50 51 52 53 62 63 64 65 70 71 72 73 ]
{ CE 319 CE 398 } 
SE 2 [ 6 7 8 9 10 11 12 13 14 15 16 17 50 51 52 53 62 63 64 65 70 71 72 73 ]
{ CE 351 CE 376 } 
} 
} 
} 
} 
} 
} 
SE 0 [ 18 19 20 21 ]
{ CE 65 SE 2 [ 1 ]
{ CE 98 CE 388 } 
} 
} 
} 
} 
SE 1 [ 26 27 28 29 ]
{ SE -1 [ 0 1 ]
{ SE -1 [ 0 ]
{ SE 2 [ 1 ]
{ CE 6 SE 2 [ 38 39 40 41 ]
{ CE 146 SE 2 [ 46 47 48 49 ]
{ CE 311 SE 2 [ 26 27 28 29 30 31 32 33 42 43 44 45 46 47 48 49 74 75 76 77 ]
{ CE 343 SE 2 [ 6 7 8 9 10 11 12 13 14 15 16 17 18 19 20 21 22 23 24 25 26 27 28 29 30 31 32 33 34 35 36 37 38 39 40 41 42 43 44 45 46 47 48 49 50 51 52 53 54 55 56 57 58 59 60 61 62 63 64 65 66 67 68 69 70 71 72 73 74 75 76 77 ]
{ SE 2 [ 50 51 52 53 ]
{ CE 375 SE 2 [ 6 7 8 9 10 11 12 13 14 15 16 17 50 51 52 53 62 63 64 65 70 71 72 73 ]
{ SE 2 [ 6 7 8 9 ]
{ CE 454 CE 481 } 
CE 474 } 
} 
CE 404 } 
} 
} 
} 
} 
SE 2 [ 1 ]
{ CE 40 SE 2 [ 6 7 8 9 10 11 12 13 14 15 16 17 50 51 52 53 62 63 64 65 70 71 72 73 ]
{ SE 2 [ 10 11 12 13 ]
{ CE 99 SE 2 [ 6 7 8 9 ]
{ CE 350 CE 468 } 
} 
SE 2 [ 46 47 48 49 ]
{ CE 268 SE 2 [ 6 7 8 9 10 11 12 13 14 15 16 17 18 19 20 21 22 23 24 25 26 27 28 29 30 31 32 33 34 35 36 37 38 39 40 41 42 43 44 45 46 47 48 49 50 51 52 53 54 55 56 57 58 59 60 61 62 63 64 65 66 67 68 69 70 71 72 73 74 75 76 77 ]
{ SE 2 [ 38 39 40 41 ]
{ CE 415 SE 2 [ 26 27 28 29 30 31 32 33 42 43 44 45 46 47 48 49 74 75 76 77 ]
{ CE 453 CE 545 } 
} 
CE 416 } 
} 
} 
} 
} 
SE 2 [ 1 ]
{ CE 25 SE 2 [ 6 7 8 9 ]
{ CE 87 SE 2 [ 26 27 28 29 30 31 32 33 42 43 44 45 46 47 48 49 74 75 76 77 ]
{ SE 2 [ 30 31 32 33 ]
{ CE 143 CE 262 } 
SE 2 [ 6 7 8 9 10 11 12 13 14 15 16 17 50 51 52 53 62 63 64 65 70 71 72 73 ]
{ SE 2 [ 10 11 12 13 ]
{ CE 169 CE 390 } 
SE 2 [ 6 7 8 9 10 11 12 13 14 15 16 17 18 19 20 21 22 23 24 25 26 27 28 29 30 31 32 33 34 35 36 37 38 39 40 41 42 43 44 45 46 47 48 49 50 51 52 53 54 55 56 57 58 59 60 61 62 63 64 65 66 67 68 69 70 71 72 73 74 75 76 77 ]
{ SE 2 [ 38 39 40 41 ]
{ CE 243 CE 301 } 
CE 275 } 
} 
} 
} 
} 
} 
SE 1 [ 30 31 32 33 ]
{ SE -1 [ 0 1 ]
{ SE -1 [ 0 ]
{ SE 0 [ 1 ]
{ CE 7 SE 0 [ 34 35 36 37 ]
{ CE 83 SE 0 [ 6 7 8 9 10 11 12 13 14 15 16 17 50 51 52 53 62 63 64 65 70 71 72 73 ]
{ SE 0 [ 62 63 64 65 ]
{ CE 199 CE 443 } 
SE 0 [ 30 31 32 33 42 43 44 45 46 47 48 49 ]
{ CE 270 SE 0 [ 26 27 28 29 ]
{ CE 280 SE 0 [ 38 39 40 41 ]
{ CE 386 SE 0 [ 18 19 20 21 22 23 24 25 ]
{ CE 387 CE 455 } 
} 
} 
} 
} 
} 
} 
SE 0 [ 1 ]
{ CE 74 SE 0 [ 34 35 36 37 ]
{ CE 118 SE 0 [ 26 27 28 29 74 75 76 77 ]
{ SE 0 [ 26 27 28 29 ]
{ CE 277 CE 368 } 
SE 0 [ 62 63 64 65 ]
{ CE 278 SE 0 [ 38 39 40 41 ]
{ CE 357 SE 0 [ 18 19 20 21 22 23 24 25 ]
{ CE 430 SE 0 [ 6 7 8 9 10 11 12 13 14 15 16 17 50 51 52 53 62 63 64 65 70 71 72 73 ]
{ CE 431 CE 508 } 
} 
} 
} 
} 
} 
} 
} 
SE 0 [ 1 ]
{ CE 56 SE 0 [ 34 35 36 37 ]
{ CE 139 SE 0 [ 70 71 72 73 ]
{ CE 325 SE 0 [ 18 19 20 21 22 23 24 25 ]
{ CE 397 SE 0 [ 6 7 8 9 10 11 12 13 14 15 16 17 50 51 52 53 62 63 64 65 70 71 72 73 ]
{ CE 420 SE 0 [ 30 31 32 33 42 43 44 45 46 47 48 49 ]
{ CE 471 SE 0 [ 26 27 28 29 ]
{ CE 473 SE 0 [ 26 27 28 29 30 31 32 33 42 43 44 45 46 47 48 49 74 75 76 77 ]
{ CE 490 CE 541 } 
} 
} 
} 
} 
} 
} 
} 
} 
SE -1 [ 0 ]
{ SE 0 [ 30 31 32 33 ]
{ SE 2 [ 1 ]
{ CE 8 SE 2 [ 38 39 40 41 ]
{ CE 140 SE 2 [ 58 59 60 61 ]
{ CE 393 SE 2 [ 26 27 28 29 30 31 32 33 42 43 44 45 46 47 48 49 74 75 76 77 ]
{ SE 2 [ 30 31 32 33 ]
{ CE 418 CE 557 } 
SE 2 [ 6 7 8 9 10 11 12 13 14 15 16 17 50 51 52 53 62 63 64 65 70 71 72 73 ]
{ SE 2 [ 6 7 8 9 ]
{ CE 439 SE 2 [ 10 11 12 13 ]
{ CE 480 CE 552 } 
} 
SE 2 [ 18 19 20 21 ]
{ CE 440 CE 550 } 
} 
} 
} 
} 
} 
CE 60 } 
SE -1 [ 0 1 ]
{ SE 0 [ 30 31 32 33 ]
{ SE 2 [ 1 ]
{ CE 22 SE 2 [ 18 19 20 21 ]
{ CE 101 SE 2 [ 18 19 20 21 22 23 24 25 54 55 56 57 58 59 60 61 ]
{ CE 153 SE 2 [ 46 47 48 49 ]
{ CE 187 SE 2 [ 6 7 8 9 ]
{ CE 190 SE 2 [ 38 39 40 41 ]
{ CE 210 SE 2 [ 38 39 40 41 66 67 68 69 ]
{ CE 230 SE 2 [ 10 11 12 13 ]
{ CE 250 SE 2 [ 6 7 8 9 10 11 12 13 14 15 16 17 50 51 52 53 62 63 64 65 70 71 72 73 ]
{ CE 283 CE 327 } 
} 
} 
} 
} 
} 
} 
} 
} 
CE 34 } 
SE 2 [ 6 10 14 18 22 26 30 34 38 42 46 50 54 58 62 66 70 74 ]
{ SE 2 [ 6 7 8 9 ]
{ CE 24 SE 2 [ 46 47 48 49 ]
{ CE 134 SE 2 [ 18 19 20 21 22 23 24 25 54 55 56 57 58 59 60 61 ]
{ SE 2 [ 18 19 20 21 ]
{ CE 135 CE 213 } 
SE 2 [ 66 67 68 69 ]
{ CE 154 SE 2 [ 26 27 28 29 30 31 32 33 42 43 44 45 46 47 48 49 74 75 76 77 ]
{ CE 183 SE 2 [ 6 7 8 9 10 11 12 13 14 15 16 17 50 51 52 53 62 63 64 65 70 71 72 73 ]
{ SE 2 [ 10 11 12 13 ]
{ CE 211 CE 265 } 
CE 238 } 
} 
} 
} 
} 
} 
SE 0 [ 30 31 32 33 ]
{ CE 54 CE 68 } 
} 
} 
} 
} 
} 
} 
} 
SE 1 [ 38 39 40 41 42 43 44 45 46 47 48 49 50 51 52 53 54 55 56 57 ]
{ SE 1 [ 38 39 40 41 42 43 44 45 ]
{ SE 1 [ 38 39 40 41 ]
{ SE -1 [ 0 ]
{ SE 0 [ 18 19 20 21 22 23 24 25 ]
{ SE 2 [ 1 ]
{ CE 9 SE 2 [ 10 11 12 13 ]
{ CE 116 SE 2 [ 6 7 8 9 10 11 12 13 14 15 16 17 50 51 52 53 62 63 64 65 70 71 72 73 ]
{ SE 2 [ 6 7 8 9 ]
{ CE 188 CE 458 } 
SE 2 [ 18 19 20 21 ]
{ CE 189 SE 2 [ 26 27 28 29 30 31 32 33 42 43 44 45 46 47 48 49 74 75 76 77 ]
{ SE 0 [ 7 11 15 19 23 27 31 35 39 43 47 51 55 59 63 67 71 75 ]
{ CE 286 SE 2 [ 30 31 32 33 ]
{ CE 462 CE 546 } 
} 
SE 2 [ 18 19 20 21 22 23 24 25 54 55 56 57 58 59 60 61 ]
{ CE 403 SE 2 [ 38 39 40 41 ]
{ CE 464 CE 475 } 
} 
} 
} 
} 
} 
} 
SE 0 [ 1 ]
{ CE 70 SE 0 [ 74 75 76 77 ]
{ CE 120 SE 0 [ 26 27 28 29 ]
{ CE 293 SE 0 [ 34 35 36 37 ]
{ CE 306 SE 0 [ 6 7 8 9 10 11 12 13 14 15 16 17 50 51 52 53 62 63 64 65 70 71 72 73 ]
{ CE 309 SE 0 [ 26 27 28 29 30 31 32 33 42 43 44 45 46 47 48 49 74 75 76 77 ]
{ CE 341 CE 441 } 
} 
} 
} 
} 
} 
} 
SE 0 [ 8 12 16 20 24 28 32 36 40 44 48 52 56 60 64 68 72 76 ]
{ SE 2 [ 1 ]
{ SE -1 [ 0 1 ]
{ CE 27 CE 111 } 
SE -1 [ 0 1 ]
{ SE 2 [ 18 19 20 21 ]
{ CE 91 SE 2 [ 6 7 8 9 10 11 12 13 14 15 16 17 50 51 52 53 62 63 64 65 70 71 72 73 ]
{ SE 2 [ 10 11 12 13 ]
{ CE 290 SE 2 [ 6 7 8 9 ]
{ CE 427 CE 516 } 
} 
SE 2 [ 38 39 40 41 ]
{ CE 381 SE 2 [ 38 39 40 41 66 67 68 69 ]
{ CE 396 SE 2 [ 18 19 20 21 22 23 24 25 54 55 56 57 58 59 60 61 ]
{ CE 476 SE 2 [ 30 31 32 33 ]
{ CE 531 CE 568 } 
} 
} 
} 
} 
} 
SE 2 [ 18 19 20 21 22 23 24 25 54 55 56 57 58 59 60 61 ]
{ SE 2 [ 18 19 20 21 ]
{ CE 150 CE 244 } 
SE 2 [ 26 27 28 29 30 31 32 33 42 43 44 45 46 47 48 49 74 75 76 77 ]
{ SE 2 [ 30 31 32 33 ]
{ CE 171 CE 518 } 
SE 2 [ 6 7 8 9 ]
{ CE 240 SE 2 [ 10 11 12 13 ]
{ CE 249 SE 2 [ 6 7 8 9 10 11 12 13 14 15 16 17 50 51 52 53 62 63 64 65 70 71 72 73 ]
{ CE 296 SE 2 [ 38 39 40 41 ]
{ CE 307 CE 380 } 
} 
} 
} 
} 
} 
} 
} 
SE -1 [ 0 1 ]
{ SE 0 [ 1 ]
{ CE 51 SE 0 [ 26 27 28 29 ]
{ CE 119 SE 0 [ 26 27 28 29 74 75 76 77 ]
{ CE 223 SE 0 [ 34 35 36 37 ]
{ CE 334 SE 0 [ 18 19 20 21 22 23 24 25 ]
{ CE 384 SE 0 [ 38 39 40 41 ]
{ CE 407 SE 0 [ 6 7 8 9 10 11 12 13 14 15 16 17 50 51 52 53 62 63 64 65 70 71 72 73 ]
{ CE 452 CE 469 } 
} 
} 
} 
} 
} 
} 
SE 0 [ 1 ]
{ CE 62 SE 0 [ 26 27 28 29 ]
{ CE 148 SE 0 [ 38 39 40 41 ]
{ CE 261 SE 0 [ 18 19 20 21 22 23 24 25 ]
{ CE 369 SE 0 [ 6 7 8 9 10 11 12 13 14 15 16 17 50 51 52 53 62 63 64 65 70 71 72 73 ]
{ CE 372 SE 0 [ 26 27 28 29 74 75 76 77 ]
{ CE 394 SE 0 [ 18 19 20 21 22 23 24 25 26 27 28 29 30 31 32 33 38 39 40 41 42 43 44 45 46 47 48 49 54 55 56 57 58 59 60 61 66 67 68 69 74 75 76 77 ]
{ CE 395 CE 450 } 
} 
} 
} 
} 
} 
} 
} 
} 
} 
SE -1 [ 0 ]
{ CE 10 SE -1 [ 0 1 ]
{ CE 67 CE 96 } 
} 
} 
SE 1 [ 46 47 48 49 ]
{ SE 2 [ 6 7 8 9 10 11 12 13 14 15 16 17 18 19 20 21 22 23 24 25 26 27 28 29 30 31 32 33 34 35 36 37 38 39 40 41 42 43 44 45 46 47 48 49 50 51 52 53 54 55 56 57 58 59 60 61 62 63 64 65 66 67 68 69 70 71 72 73 74 75 76 77 ]
{ SE -1 [ 0 ]
{ SE 0 [ 1 ]
{ CE 11 SE 0 [ 18 19 20 21 22 23 24 25 ]
{ SE 0 [ 7 11 15 19 23 27 31 35 39 43 47 51 55 59 63 67 71 75 ]
{ CE 50 CE 164 } 
SE 0 [ 42 43 44 45 ]
{ CE 73 SE 0 [ 7 11 15 19 23 27 31 35 39 43 47 51 55 59 63 67 71 75 ]
{ SE 0 [ 34 35 36 37 ]
{ CE 84 SE 0 [ 30 31 32 33 42 43 44 45 46 47 48 49 ]
{ CE 151 SE 0 [ 6 7 8 9 10 11 12 13 14 15 16 17 50 51 52 53 62 63 64 65 70 71 72 73 ]
{ SE 0 [ 62 63 64 65 ]
{ CE 155 CE 248 } 
SE 0 [ 74 75 76 77 ]
{ CE 181 SE 0 [ 26 27 28 29 ]
{ CE 237 CE 288 } 
} 
} 
} 
} 
SE 0 [ 18 19 20 21 22 23 24 25 26 27 28 29 30 31 32 33 38 39 40 41 42 43 44 45 46 47 48 49 54 55 56 57 58 59 60 61 66 67 68 69 74 75 76 77 ]
{ SE 2 [ 6 7 8 9 ]
{ CE 122 SE 2 [ 26 27 28 29 30 31 32 33 42 43 44 45 46 47 48 49 74 75 76 77 ]
{ SE 2 [ 30 31 32 33 ]
{ CE 235 CE 499 } 
SE 2 [ 10 11 12 13 ]
{ SE -1 [ 0 ]
{ CE 294 CE 295 } 
SE 2 [ 38 39 40 41 ]
{ CE 310 SE 2 [ 18 19 20 21 22 23 24 25 54 55 56 57 58 59 60 61 ]
{ CE 511 SE 2 [ 6 7 8 9 10 11 12 13 14 15 16 17 50 51 52 53 62 63 64 65 70 71 72 73 ]
{ CE 522 CE 571 } 
} 
} 
} 
} 
} 
SE 2 [ 6 7 8 9 ]
{ CE 166 SE 2 [ 66 67 68 69 ]
{ CE 272 SE 2 [ 26 27 28 29 30 31 32 33 42 43 44 45 46 47 48 49 74 75 76 77 ]
{ SE -1 [ 0 ]
{ CE 405 CE 406 } 
SE 2 [ 26 27 28 29 30 31 32 33 38 39 40 41 42 43 44 45 46 47 48 49 66 67 68 69 74 75 76 77 ]
{ CE 414 SE 2 [ 50 51 52 53 ]
{ CE 472 SE 2 [ 58 59 60 61 ]
{ CE 492 SE 2 [ 6 7 8 9 10 11 12 13 14 15 16 17 50 51 52 53 62 63 64 65 70 71 72 73 ]
{ SE -1 [ 0 ]
{ CE 493 CE 494 } 
CE 527 } 
} 
} 
} 
} 
} 
} 
} 
} 
} 
} 
} 
SE 0 [ 8 12 16 20 24 28 32 36 40 44 48 52 56 60 64 68 72 76 ]
{ SE 0 [ 18 19 20 21 ]
{ SE -1 [ 0 1 ]
{ CE 45 CE 124 } 
SE 2 [ 26 27 28 29 30 31 32 33 42 43 44 45 46 47 48 49 74 75 76 77 ]
{ SE -1 [ 0 1 ]
{ SE 0 [ 42 43 44 45 ]
{ CE 75 SE 0 [ 18 19 20 21 22 23 24 25 26 27 28 29 30 31 32 33 38 39 40 41 42 43 44 45 46 47 48 49 54 55 56 57 58 59 60 61 66 67 68 69 74 75 76 77 ]
{ SE 2 [ 30 31 32 33 ]
{ CE 179 SE -1 [ 0 1 ]
{ CE 505 CE 505 } 
} 
SE -1 [ 0 ]
{ CE 405 CE 406 } 
} 
} 
SE 0 [ 18 19 20 21 22 23 24 25 26 27 28 29 30 31 32 33 38 39 40 41 42 43 44 45 46 47 48 49 54 55 56 57 58 59 60 61 66 67 68 69 74 75 76 77 ]
{ SE 0 [ 30 31 32 33 46 47 48 49 ]
{ SE 2 [ 30 31 32 33 ]
{ CE 117 SE -1 [ 0 1 ]
{ CE 505 CE 505 } 
} 
CE 260 } 
CE 207 } 
} 
SE 0 [ 18 19 20 21 22 23 24 25 26 27 28 29 30 31 32 33 38 39 40 41 42 43 44 45 46 47 48 49 54 55 56 57 58 59 60 61 66 67 68 69 74 75 76 77 ]
{ SE 2 [ 6 7 8 9 ]
{ SE -1 [ 0 1 ]
{ CE 90 CE 567 } 
SE 2 [ 10 11 12 13 ]
{ SE -1 [ 0 1 ]
{ SE -1 [ 0 ]
{ CE 294 CE 295 } 
CE 563 } 
SE 2 [ 38 39 40 41 ]
{ SE -1 [ 0 1 ]
{ CE 192 CE 544 } 
SE 2 [ 18 19 20 21 22 23 24 25 54 55 56 57 58 59 60 61 ]
{ SE -1 [ 0 1 ]
{ CE 289 CE 543 } 
SE -1 [ 0 1 ]
{ SE 2 [ 6 7 8 9 10 11 12 13 14 15 16 17 50 51 52 53 62 63 64 65 70 71 72 73 ]
{ CE 317 CE 569 } 
SE 2 [ 6 7 8 9 10 11 12 13 14 15 16 17 50 51 52 53 62 63 64 65 70 71 72 73 ]
{ CE 423 CE 500 } 
} 
} 
} 
} 
} 
SE 2 [ 6 7 8 9 ]
{ SE -1 [ 0 1 ]
{ CE 126 CE 560 } 
SE 2 [ 10 11 12 13 ]
{ SE -1 [ 0 1 ]
{ SE -1 [ 0 ]
{ CE 493 CE 494 } 
CE 570 } 
SE 2 [ 66 67 68 69 ]
{ SE -1 [ 0 1 ]
{ CE 197 CE 539 } 
SE 2 [ 18 19 20 21 ]
{ SE -1 [ 0 1 ]
{ CE 231 CE 524 } 
SE 2 [ 6 7 8 9 10 11 12 13 14 15 16 17 50 51 52 53 62 63 64 65 70 71 72 73 ]
{ SE -1 [ 0 1 ]
{ CE 264 CE 506 } 
SE 2 [ 18 19 20 21 22 23 24 25 54 55 56 57 58 59 60 61 ]
{ SE -1 [ 0 1 ]
{ CE 337 CE 467 } 
SE -1 [ 0 1 ]
{ CE 410 CE 540 } 
} 
} 
} 
} 
} 
} 
} 
} 
} 
SE -1 [ 0 1 ]
{ SE 0 [ 1 ]
{ CE 53 SE 0 [ 6 7 8 9 10 11 12 13 14 15 16 17 50 51 52 53 62 63 64 65 70 71 72 73 ]
{ SE 0 [ 62 63 64 65 ]
{ CE 97 CE 258 } 
SE 0 [ 26 27 28 29 30 31 32 33 38 39 40 41 42 43 44 45 46 47 48 49 66 67 68 69 74 75 76 77 ]
{ SE 0 [ 30 31 32 33 42 43 44 45 46 47 48 49 ]
{ CE 165 SE 0 [ 26 27 28 29 ]
{ CE 253 SE 0 [ 26 27 28 29 30 31 32 33 42 43 44 45 46 47 48 49 74 75 76 77 ]
{ CE 345 CE 358 } 
} 
} 
SE 0 [ 18 19 20 21 22 23 24 25 ]
{ CE 178 CE 349 } 
} 
} 
} 
SE 0 [ 1 ]
{ CE 63 SE 0 [ 18 19 20 21 22 23 24 25 ]
{ CE 129 SE 0 [ 30 31 32 33 42 43 44 45 46 47 48 49 ]
{ CE 451 SE 0 [ 38 39 40 41 ]
{ CE 461 SE 0 [ 34 35 36 37 ]
{ CE 502 SE 0 [ 26 27 28 29 ]
{ CE 503 SE 0 [ 6 7 8 9 10 11 12 13 14 15 16 17 50 51 52 53 62 63 64 65 70 71 72 73 ]
{ SE 0 [ 62 63 64 65 ]
{ CE 533 CE 562 } 
CE 554 } 
} 
} 
} 
} 
} 
} 
} 
} 
} 
SE 0 [ 18 19 20 21 22 23 24 25 26 27 28 29 30 31 32 33 38 39 40 41 42 43 44 45 46 47 48 49 54 55 56 57 58 59 60 61 66 67 68 69 74 75 76 77 ]
{ SE -1 [ 0 1 ]
{ SE -1 [ 0 ]
{ SE 2 [ 1 ]
{ CE 35 CE 382 } 
SE 2 [ 1 ]
{ CE 157 CE 449 } 
} 
SE 2 [ 1 ]
{ CE 115 CE 412 } 
} 
SE -1 [ 0 1 ]
{ SE -1 [ 0 ]
{ CE 61 CE 200 } 
CE 109 } 
} 
} 
SE 1 [ 50 51 52 53 ]
{ SE -1 [ 0 1 ]
{ SE -1 [ 0 ]
{ SE 0 [ 1 ]
{ CE 12 SE 0 [ 26 27 28 29 74 75 76 77 ]
{ SE 0 [ 26 27 28 29 ]
{ CE 100 CE 342 } 
SE 0 [ 18 19 20 21 22 23 24 25 ]
{ CE 259 SE 0 [ 34 35 36 37 ]
{ CE 266 SE 0 [ 70 71 72 73 ]
{ CE 281 SE 0 [ 26 27 28 29 30 31 32 33 42 43 44 45 46 47 48 49 74 75 76 77 ]
{ CE 308 SE 0 [ 6 7 8 9 10 11 12 13 14 15 16 17 50 51 52 53 62 63 64 65 70 71 72 73 ]
{ CE 365 CE 399 } 
} 
} 
} 
} 
} 
} 
SE 0 [ 1 ]
{ CE 43 SE 0 [ 18 19 20 21 22 23 24 25 ]
{ CE 138 SE 0 [ 30 31 32 33 42 43 44 45 46 47 48 49 ]
{ CE 273 SE 0 [ 70 71 72 73 ]
{ CE 274 SE 0 [ 34 35 36 37 ]
{ CE 330 SE 0 [ 74 75 76 77 ]
{ CE 373 SE 0 [ 26 27 28 29 ]
{ CE 482 SE 0 [ 6 7 8 9 10 11 12 13 14 15 16 17 50 51 52 53 62 63 64 65 70 71 72 73 ]
{ CE 484 CE 547 } 
} 
} 
} 
} 
} 
} 
} 
} 
SE 0 [ 1 ]
{ CE 31 SE 0 [ 30 31 32 33 42 43 44 45 46 47 48 49 ]
{ CE 112 SE 0 [ 6 7 8 9 10 11 12 13 14 15 16 17 50 51 52 53 62 63 64 65 70 71 72 73 ]
{ SE 0 [ 62 63 64 65 ]
{ CE 361 CE 525 } 
SE 0 [ 26 27 28 29 30 31 32 33 38 39 40 41 42 43 44 45 46 47 48 49 66 67 68 69 74 75 76 77 ]
{ SE 0 [ 74 75 76 77 ]
{ CE 413 SE 0 [ 26 27 28 29 ]
{ CE 509 CE 549 } 
} 
SE 0 [ 18 19 20 21 22 23 24 25 ]
{ CE 457 CE 520 } 
} 
} 
} 
} 
} 
SE -1 [ 0 ]
{ CE 13 SE -1 [ 0 1 ]
{ CE 47 CE 80 } 
} 
} 
} 
} 
SE 1 [ 58 59 60 61 62 63 64 65 ]
{ SE 1 [ 58 59 60 61 ]
{ SE -1 [ 0 1 ]
{ SE -1 [ 0 ]
{ SE 0 [ 1 ]
{ CE 14 SE 0 [ 18 19 20 21 22 23 24 25 ]
{ CE 94 SE 0 [ 34 35 36 37 ]
{ CE 227 SE 0 [ 6 7 8 9 10 11 12 13 14 15 16 17 50 51 52 53 62 63 64 65 70 71 72 73 ]
{ CE 312 SE 0 [ 30 31 32 33 42 43 44 45 46 47 48 49 ]
{ CE 402 SE 0 [ 26 27 28 29 30 31 32 33 42 43 44 45 46 47 48 49 74 75 76 77 ]
{ CE 408 CE 470 } 
} 
} 
} 
} 
} 
SE 0 [ 1 ]
{ CE 49 SE 0 [ 18 19 20 21 22 23 24 25 ]
{ CE 142 SE 0 [ 26 27 28 29 74 75 76 77 ]
{ CE 315 SE 0 [ 38 39 40 41 ]
{ CE 371 SE 0 [ 34 35 36 37 ]
{ CE 434 SE 0 [ 6 7 8 9 10 11 12 13 14 15 16 17 50 51 52 53 62 63 64 65 70 71 72 73 ]
{ CE 466 CE 514 } 
} 
} 
} 
} 
} 
} 
SE 0 [ 1 ]
{ CE 26 SE 0 [ 18 19 20 21 22 23 24 25 26 27 28 29 30 31 32 33 38 39 40 41 42 43 44 45 46 47 48 49 54 55 56 57 58 59 60 61 66 67 68 69 74 75 76 77 ]
{ SE 0 [ 18 19 20 21 22 23 24 25 ]
{ CE 113 SE 0 [ 26 27 28 29 30 31 32 33 42 43 44 45 46 47 48 49 74 75 76 77 ]
{ SE 0 [ 26 27 28 29 74 75 76 77 ]
{ CE 297 CE 383 } 
CE 366 } 
} 
SE 0 [ 6 7 8 9 10 11 12 13 14 15 16 17 50 51 52 53 62 63 64 65 70 71 72 73 ]
{ CE 263 CE 448 } 
} 
} 
} 
SE -1 [ 0 1 ]
{ SE -1 [ 0 ]
{ SE 2 [ 6 7 8 9 10 11 12 13 14 15 16 17 18 19 20 21 22 23 24 25 26 27 28 29 30 31 32 33 34 35 36 37 38 39 40 41 42 43 44 45 46 47 48 49 50 51 52 53 54 55 56 57 58 59 60 61 62 63 64 65 66 67 68 69 70 71 72 73 74 75 76 77 ]
{ SE 2 [ 46 47 48 49 ]
{ CE 15 SE 2 [ 10 11 12 13 ]
{ CE 363 SE 2 [ 18 19 20 21 ]
{ CE 425 SE 2 [ 38 39 40 41 66 67 68 69 ]
{ CE 459 SE 2 [ 6 7 8 9 10 11 12 13 14 15 16 17 50 51 52 53 62 63 64 65 70 71 72 73 ]
{ SE 2 [ 6 7 8 9 ]
{ CE 463 CE 558 } 
CE 513 } 
} 
} 
} 
} 
SE 2 [ 1 ]
{ CE 132 CE 298 } 
} 
SE 2 [ 6 7 8 9 10 11 12 13 14 15 16 17 18 19 20 21 22 23 24 25 26 27 28 29 30 31 32 33 34 35 36 37 38 39 40 41 42 43 44 45 46 47 48 49 50 51 52 53 54 55 56 57 58 59 60 61 62 63 64 65 66 67 68 69 70 71 72 73 74 75 76 77 ]
{ SE 2 [ 38 39 40 41 66 67 68 69 ]
{ CE 66 SE 2 [ 46 47 48 49 ]
{ CE 411 SE 2 [ 10 11 12 13 ]
{ CE 419 SE 2 [ 6 7 8 9 10 11 12 13 14 15 16 17 50 51 52 53 62 63 64 65 70 71 72 73 ]
{ SE 2 [ 6 7 8 9 ]
{ CE 436 CE 538 } 
SE 2 [ 18 19 20 21 ]
{ CE 437 CE 479 } 
} 
} 
} 
} 
SE 2 [ 1 ]
{ CE 123 CE 304 } 
} 
} 
SE 2 [ 6 7 8 9 10 11 12 13 14 15 16 17 18 19 20 21 22 23 24 25 26 27 28 29 30 31 32 33 34 35 36 37 38 39 40 41 42 43 44 45 46 47 48 49 50 51 52 53 54 55 56 57 58 59 60 61 62 63 64 65 66 67 68 69 70 71 72 73 74 75 76 77 ]
{ SE 2 [ 26 27 28 29 30 31 32 33 42 43 44 45 46 47 48 49 74 75 76 77 ]
{ SE 2 [ 30 31 32 33 ]
{ CE 46 CE 336 } 
SE 2 [ 6 7 8 9 ]
{ CE 170 SE 2 [ 18 19 20 21 ]
{ CE 221 SE 2 [ 10 11 12 13 ]
{ CE 222 SE 2 [ 6 7 8 9 10 11 12 13 14 15 16 17 50 51 52 53 62 63 64 65 70 71 72 73 ]
{ CE 391 CE 504 } 
} 
} 
} 
} 
SE 2 [ 1 ]
{ CE 85 CE 193 } 
} 
} 
} 
SE 1 [ 66 67 68 69 ]
{ SE -1 [ 0 ]
{ SE 0 [ 1 ]
{ CE 16 SE 0 [ 62 63 64 65 ]
{ CE 127 SE 0 [ 26 27 28 29 30 31 32 33 38 39 40 41 42 43 44 45 46 47 48 49 66 67 68 69 74 75 76 77 ]
{ SE 0 [ 26 27 28 29 30 31 32 33 42 43 44 45 46 47 48 49 74 75 76 77 ]
{ SE 0 [ 26 27 28 29 74 75 76 77 ]
{ SE 0 [ 26 27 28 29 ]
{ CE 208 CE 428 } 
CE 359 } 
CE 316 } 
SE 0 [ 18 19 20 21 22 23 24 25 ]
{ CE 228 SE 0 [ 6 7 8 9 10 11 12 13 14 15 16 17 50 51 52 53 62 63 64 65 70 71 72 73 ]
{ CE 251 CE 354 } 
} 
} 
} 
} 
SE -1 [ 0 1 ]
{ SE 0 [ 1 ]
{ CE 21 SE 0 [ 38 39 40 41 ]
{ CE 92 SE 0 [ 62 63 64 65 ]
{ CE 175 SE 0 [ 74 75 76 77 ]
{ CE 176 SE 0 [ 18 19 20 21 22 23 24 25 26 27 28 29 30 31 32 33 38 39 40 41 42 43 44 45 46 47 48 49 54 55 56 57 58 59 60 61 66 67 68 69 74 75 76 77 ]
{ SE 0 [ 26 27 28 29 ]
{ CE 203 SE 0 [ 18 19 20 21 22 23 24 25 ]
{ CE 219 CE 329 } 
} 
SE 0 [ 6 7 8 9 10 11 12 13 14 15 16 17 50 51 52 53 62 63 64 65 70 71 72 73 ]
{ CE 206 CE 242 } 
} 
} 
} 
} 
} 
SE 0 [ 1 ]
{ CE 55 SE 0 [ 74 75 76 77 ]
{ CE 102 SE 0 [ 62 63 64 65 ]
{ CE 225 SE 0 [ 18 19 20 21 22 23 24 25 26 27 28 29 30 31 32 33 38 39 40 41 42 43 44 45 46 47 48 49 54 55 56 57 58 59 60 61 66 67 68 69 74 75 76 77 ]
{ SE 0 [ 26 27 28 29 ]
{ CE 321 SE 0 [ 38 39 40 41 ]
{ CE 323 SE 0 [ 18 19 20 21 22 23 24 25 ]
{ CE 355 CE 433 } 
} 
} 
SE 0 [ 6 7 8 9 10 11 12 13 14 15 16 17 50 51 52 53 62 63 64 65 70 71 72 73 ]
{ CE 322 CE 432 } 
} 
} 
} 
} 
} 
} 
SE 1 [ 70 71 72 73 ]
{ SE -1 [ 0 1 ]
{ SE -1 [ 0 ]
{ SE 2 [ 1 ]
{ CE 17 SE 2 [ 66 67 68 69 ]
{ CE 105 SE 2 [ 6 7 8 9 ]
{ CE 186 SE 2 [ 26 27 28 29 30 31 32 33 42 43 44 45 46 47 48 49 74 75 76 77 ]
{ SE 2 [ 30 31 32 33 ]
{ CE 194 CE 496 } 
SE 2 [ 18 19 20 21 22 23 24 25 54 55 56 57 58 59 60 61 ]
{ SE 2 [ 18 19 20 21 ]
{ SE -1 [ 0 ]
{ CE 313 CE 314 } 
CE 489 } 
SE 2 [ 6 7 8 9 10 11 12 13 14 15 16 17 50 51 52 53 62 63 64 65 70 71 72 73 ]
{ CE 338 CE 348 } 
} 
} 
} 
} 
} 
SE 2 [ 1 ]
{ CE 52 SE 2 [ 26 27 28 29 30 31 32 33 42 43 44 45 46 47 48 49 74 75 76 77 ]
{ SE 2 [ 30 31 32 33 ]
{ CE 128 CE 487 } 
SE 2 [ 18 19 20 21 22 23 24 25 54 55 56 57 58 59 60 61 ]
{ SE 2 [ 18 19 20 21 ]
{ SE -1 [ 0 ]
{ CE 313 CE 314 } 
CE 460 } 
SE 2 [ 6 7 8 9 ]
{ CE 195 SE 2 [ 66 67 68 69 ]
{ CE 218 SE 2 [ 6 7 8 9 10 11 12 13 14 15 16 17 50 51 52 53 62 63 64 65 70 71 72 73 ]
{ CE 254 CE 517 } 
} 
} 
} 
} 
} 
} 
SE 2 [ 1 ]
{ CE 37 SE 2 [ 6 7 8 9 ]
{ CE 78 SE 2 [ 66 67 68 69 ]
{ CE 131 SE 2 [ 26 27 28 29 30 31 32 33 42 43 44 45 46 47 48 49 74 75 76 77 ]
{ SE 2 [ 30 31 32 33 ]
{ CE 159 CE 501 } 
SE 2 [ 18 19 20 21 22 23 24 25 54 55 56 57 58 59 60 61 ]
{ SE 2 [ 18 19 20 21 ]
{ CE 180 CE 300 } 
SE 2 [ 6 7 8 9 10 11 12 13 14 15 16 17 50 51 52 53 62 63 64 65 70 71 72 73 ]
{ CE 185 CE 255 } 
} 
} 
} 
} 
} 
} 
SE -1 [ 0 1 ]
{ SE -1 [ 0 ]
{ SE 2 [ 1 ]
{ CE 18 SE 2 [ 6 7 8 9 10 11 12 13 14 15 16 17 50 51 52 53 62 63 64 65 70 71 72 73 ]
{ SE 2 [ 10 11 12 13 ]
{ CE 106 SE 2 [ 6 7 8 9 ]
{ CE 353 CE 367 } 
} 
SE 2 [ 30 31 32 33 ]
{ CE 232 SE 2 [ 58 59 60 61 ]
{ CE 303 SE 2 [ 38 39 40 41 ]
{ CE 485 SE 2 [ 38 39 40 41 66 67 68 69 ]
{ CE 526 SE 2 [ 18 19 20 21 ]
{ CE 535 CE 564 } 
} 
} 
} 
} 
} 
} 
SE 2 [ 1 ]
{ CE 72 SE 2 [ 6 7 8 9 ]
{ CE 103 SE 2 [ 10 11 12 13 ]
{ CE 204 SE 2 [ 18 19 20 21 ]
{ CE 205 SE 2 [ 18 19 20 21 22 23 24 25 54 55 56 57 58 59 60 61 ]
{ CE 269 SE 2 [ 6 7 8 9 10 11 12 13 14 15 16 17 50 51 52 53 62 63 64 65 70 71 72 73 ]
{ CE 362 SE 2 [ 38 39 40 41 ]
{ CE 409 SE 2 [ 46 47 48 49 ]
{ CE 497 SE 2 [ 26 27 28 29 30 31 32 33 42 43 44 45 46 47 48 49 74 75 76 77 ]
{ CE 498 CE 548 } 
} 
} 
} 
} 
} 
} 
} 
} 
} 
SE 2 [ 1 ]
{ CE 41 SE 2 [ 18 19 20 21 22 23 24 25 54 55 56 57 58 59 60 61 ]
{ SE 2 [ 18 19 20 21 ]
{ CE 81 CE 326 } 
SE 2 [ 26 27 28 29 30 31 32 33 42 43 44 45 46 47 48 49 74 75 76 77 ]
{ SE 2 [ 30 31 32 33 ]
{ CE 141 CE 299 } 
SE 2 [ 6 7 8 9 ]
{ CE 158 SE 2 [ 66 67 68 69 ]
{ CE 198 SE 2 [ 50 51 52 53 ]
{ CE 305 SE 2 [ 6 7 8 9 10 11 12 13 14 15 16 17 50 51 52 53 62 63 64 65 70 71 72 73 ]
{ CE 318 CE 339 } 
} 
} 
} 
} 
} 
} 
} 
} 
} 
} 
} 
} 
EndContextDependency 